1 1
2 1
3 2
4 2
5 2
6 2
7 3
8 3
9 3
10 3
11 3
12 3
13 4
14 4
15 4
16 4
17 4
18 4
19 4
20 4
21 5
22 4
23 5
24 5
25 5
26 5
27 5
28 5
29 5
30 5
31 6
32 5
33 5
34 5
35 6
36 6
37 6
38 6
39 6
40 6
41 6
42 6
43 6
44 6
45 6
46 6
47 6
48 7
49 7
50 7
51 7
52 7
53 7
54 7
55 7
56 7
57 8
58 7
59 7
60 7
61 7
62 7
63 8
64 8
65 8
66 8
67 8
68 8
69 8
70 8
71 8
72 8
73 9
74 8
75 8
76 8
77 8
78 8
79 8
80 9
81 8
82 8
83 8
84 8
85 9
86 9
87 9
88 9
89 9
90 9
91 10
92 9
93 9
94 9
95 9
96 9
97 9
98 9
99 9
100 9
101 9
102 9
103 9
104 9
105 9
106 9
107 10
108 10
109 10
110 10
111 10
112 10
113 10
114 10
115 10
116 10
117 10
118 10
119 10
120 11
121 10
122 10
123 10
124 10
125 10
126 10
127 10
128 10
129 10
130 10
131 10
132 10
133 12
134 10
135 11
136 11
137 11
138 11
139 11
140 11
141 11
142 11
143 11
144 11
145 11
146 11
147 11
148 11
149 11
150 11
151 11
152 11
153 11
154 11
155 11
156 12
157 11
158 12
159 12
160 11
161 12
162 12
163 12
164 12
165 12
166 12
167 12
168 13
169 12
170 12
171 12
172 12
173 12
174 12
175 12
176 12
177 12
178 12
179 12
180 12
181 12
182 12
183 14
184 12
185 12
186 12
187 12
188 12
189 12
190 12
191 12
192 12
193 13
194 13
195 13
196 13
197 13
198 13
199 13
200 13
201 13
202 13
203 13
204 13
205 13
206 13
207 13
208 13
209 13
210 13
211 13
212 13
213 13
214 13
215 13
216 13
217 13
218 13
219 13
220 13
221 13
222 13
223 13
224 13
225 14
226 14
227 14
228 14
229 14
230 14
231 14
232 14
233 14
234 14
235 14
236 14
237 14
238 14
239 14
240 14
241 14
242 14
243 14
244 14
245 14
246 14
247 14
248 14
249 14
250 14
251 14
252 14
253 14
254 14
255 16
256 14
257 14
258 14
259 14
260 14
261 14
262 14
263 14
264 14
265 14
266 14
267 15
268 15
269 15
270 15
271 15
272 16
273 17
274 15
275 15
276 15
277 15
278 15
279 15
280 15
281 15
282 15
283 15
284 15
285 15
286 15
287 15
288 17
289 15
290 15
291 15
292 15
293 15
294 15
295 15
